1028606
1028720
1029025
1031429
1032641
1034433
1037673
1048037
1048338
1049198
1051574
1051578
1073690
1081239
1081240
1081300
1081392
1082935
1082936
1086814
1086815
1098277
1114768
1125510
1136590
1138390
1139753
1139755
1143116
1158416
1172161
1173851
1184599
1185264
1191812
1193534
1193866
1213029
1235488
1272713
1272714
1272715
1279018
1279019
1285300
1285307
1286490
1286495
1286496
1309918
1323367
1323384
1365767
1374328
1376466
1396360
1483632
1530795
1532381
1532384
1532385
1532386
1532387
1532388
1532389
1532390
1532395
1532396
1533893
1563352
1594180
1861997
2264398
2799053
3271938
4765323
4765718
5013615
5013628
5161514
5162497
5207053
5671970
5785985
5786026
5786047
5832475
6379764
6512277
6548058
6550129
6551281
6552254
6552812
6837513
7248672
7319168
7622285
7636350
8331190
8795504
8795516
8795521
8796225
8798254
9254254
9254521
9255011
9465511
9470887
9910070
9910420
9910514
10072631
10351018
10468915
10628294
10630526
10748238
10860580
10911965
11188705
11297746
11297766
11441821
11647212
11721340
11748356
11844853
11999235
12313531
12313606
12314127
12314312
12503326
12565866
12908119
12908164
13121630
13334984
13370505
13416321
13476999
13793866
13844730
14129301
14404355
14462955
14492461
14492601
14515496
14671091
14719555
14817131
14860671
14861078
14876573
15013006
15054210
15095717
15177020
15432399
15595872
15727771
15731113
15857936
15926904
15929967
15967494
15973049
15973059
16158562
16171848
16385361
16412796
16413496
16598440
16598444
16598513
16598538
16641209
16641274
16646369
16652251
16678095
16678098
16678138
16722419
16723481
16723499
16725702
16853477
16855096
16887291
16895215
16899436
16924470
16954081
16954107
16984917
16985920
16986649
16986805
16987194
17109706
17138062
17173665
17204526
17237675
17238263
17238307
17363660
17394804
17408283
17449403
17449580
17449820
17450053
17450058
17450902
17527923
17614445
17680660
17696983
17735309
17735316
17735371
17739050
17925914
17981849
17999992
18010691
18015836
18015896
18017365
18213609
18268645
18426536
18448414
18482375
18482382
18482398
18482403
18729820
18775619
18776718
18821202
18821226
18971358
19027209
19043710
19107800
19112054
19112109
19112220
19264489
19264845
19296155
19327404
19364667
19381787
19395368
19396550
19397594
19398258
19399000
19400408
19644587
19704809
19704937
20011840
20044751
20044845
20048880
20052135
20064349
20258994
20335699
20418682
20573078
20573086
20573098
20573103
20577851
20641998
20643315
20721136
20721173
20721282
20908915
20945145
20980122
20980138
21024661
21070012
21070090
21070350
21070789
21272995
21294489
21392863
21416138
21439778
21439893
21439991
21719280
21802000
21802112
21802141
22023239
22070623
22070807
22151798
22151828
22151837
22157580
22157971
22314719
22432792
22432795
22499928
22546563
22547523
22547617
22547702
22587828
22597302
22787168
22787189
22823649
22850569
22920501
22946161
22960112
22960435
22969230
22970114
22971409
22972723
23172653
23261769
23264604
23300068
23301478
23301616
23301644
23301681
23301787
23306097
23310997
23551803
23634704
23644960
23658148
23705521
23726438
23727705
23962538
23962549
23999354
24015579
24112667
24114402
24123795
24123924
24125295
24126147
24389601
24440014
24441888
24485058
24485062
24487029
24487396
24533767
24659699
24727799
24727929
24826640
24826656
24826683
24826704
24826725
24826737
24826755
24826800
24826811
24826853
24830979
24832618
24941896
24975496
25267538
25306182
25308473
25308748
25308781
25308989
25309103
25535420
25545089
25555262
25556219
25609906
25609915
25687227
25740034
25740835
25872570
25880554
25926517
25930613
25975243
25977727
26011378
26017873
26018282
26019070
26020654
26343188
26380828
26417031
26421468
26421759
26424059
26424215
26674400
26733710
26769281
26777611
26943368
26943415
27004138
27052155
27171057
27171229
27296626
27309800
27319532
27345567
27477255
27599954
27724716
27858204
27858560
28039679
28276664
28278529
28455752
28502997
28676186
28878110
28998459
29051524
29109054
29109681
29283273
29283289
29283299
29410313
29532089
29532225
29532260
29532608
29715001
29715011
29715020
29716461
29844011
30328933
30371876
30378927
30380922
30390398
30391731
30394316
30394594
31046644
31101391
31107926
31149956
31151864
31157811
31252891
31312357
31313130
31313617
31313697
31541373
31616411
31765091
31839042
32199211
32203846
32278729
32278846
32278866
32348239
32355759
32567578
32711023
32858586
32858699
32858948
32861090
33070696
33171947
33172050
33337038
33337041
33384642
33615415
33732371
33872761
33872839
33872870
33873132
34111862
34126856
34394007
34394424
34764447
34818884
34818900
34870758
34871016
35167822
35167841
35246042
35292167
35685137
35685322
35685368
35685477
35685588
35686000
35686056
36466277
36784258
36839669
36883448
36883659
36883922
37238566
37347081
37747682
37754408
37816777
37819478
37820239
37821996
38248947
38322945
38322996
38858257
38971471
39104808
39247220
39247441
39247498
39998453
40493240
40493542
40497339
40811356
40892523
40892630
40893128
40893248
41312638
42211680
42781810
42800436
42840130
42846048
42846134
42847558
42847576
42847619
42847923
42900229
43245104
43704705
43704842
43704873
44014154
44113968
44114352
44114473
44114667
44114719
44522568
44559754
44560752
44561035
44561064
44561450
44856567
45084008
45093148
45201887
45513247
45514606
45940736
45941295
45941397
46138556
46158937
46348897
46353878
46354572
46355320
46355702
46357082
46363048
46363235
46363291
46363684
46363750
46839155
46839188
46839229
46839333
46846024
47256011
47256194
47597760
47697285
48039013
48039204
48039287
48039333
48039359
48078122
48156111
48156452
48159678
48159731
48159815
48395604
48545806
48596324
48607745
48607845
49048671
49048816
49048854
49491781
49491808
49493376
49763737
49763745
49929776
49939639
49939692
49939702
50382508
50430316
50430337
50453938
50453968
50938746
50938765
50943378
50943405
50943435
51241480
51241522
51242770
51242846
51243161
51243169
51243190
51243216
51243261
51243280
51243302
51243313
51243486
51243561
51244757
51245193
51245277
51245692
51245739
51245885
51346471
51352983
51352999
51353061
51353085
51757158
52180878
52454955
52456325
52458643
52462233
52463255
52464382
52489004
52489477
52491335
52492417
52501424
52502129
52504099
52539791
52541563
52544038
52550492
52553970
52554739
52555336
52558745
52564187
52625733
53039427
53041013
53055197
53130896
53420165
53429817
53459092
53461320
53466788
53524217
53623322
53623350
53898421
53917288
53918608
53920070
54380918
54528375
54578891
54586667
54694329
54694334
54933878
55224802
55224996
55271090
55610781
55615103
55617090
55620437
55628694
55633111
55702704
55707362
55907562
55909280
55917432
56561579
56861526
56935215
56944284
57013875
57028494
57033901
57038857
57134043
57229357
57476524
57603998
57612224
57678134
57790413
57983479
58247707
58364249
58419365
58438853
58789949
58809024
59175777
59190543
59805584
59848474
60039346
60062169
60115606
60115635
60115663
60115725
60331861
60357972
60357982
60662839
60662873
60674516
60674654
60674719
60675871
60888225
60888284
61458403
61459678
61459718
61769697
61771419
61847146
61893436
61894723
61895706
61901074
61904706
61963621
62134823
62139501
62150694
62152671
62332732
62350856
62350883
62679779
62682888
62684484
62718352
62718789
62720062
62720331
62720797
62721575
62729995
62742199
62803186
63043890
63239668
63241985
63245697
63253701
63253706
63646305
63647492
63653372
63687750
63690289
63692675
63695803
63700646
63707964
63721711
63721732
63990268
63990657
63992958
63993237
63993845
63994465
63994749
63995612
63996592
63997108
64082730
64160547
64220933
64444871
64486485
64489875
64493637
64495874
64496525
64497156
64499327
64507797
64508400
64508973
64510677
64511877
64559537
64559699
64559858
64560136
64560336
64570331
64647651
65079090
65082275
65417235
65554735
65969704
65979823
66303534
66303576
66319941
66330060
66330144
66330165
66330204
66330231
66330295
66416579
66416616
66896542
66896601
66896638
67200694
67200745
67200777
67200851
67200948
67201116
67201161
67250704
67250863
67312131
67319425
67494312
67571288
67574202
67798397
67995863
67995931
67996003
67996263
68233678
68258723
68259924
68352536
68352624
68354832
68354853
68358679
68358746
68358847
68603324
68848741
69226736
69228932
69344020
69344084
69344107
69344141
69434624
69434631
69434797
69486761
69499437
69567879
69938512
69938945
69939573
69947367
69964719
70437291
70476435
70476451
71037056
71037101
71427264
71429414
71484026
71499557
71499623
71499731
71597048
71597060
71597072
72069888
72082097
72082328
72644629
73151254
73151293
73232803
73232825
73791866
73799348
73829193
74174927
74174970
74175056
74214775
74215671
74385418
74385438
74891470
74891545
74904413
74937568
74937900
74938783
74939231
74939534
74970701
74972442
75550883
75941738
76063064
76170471
76692101
76692143
76692172
76692214
76692866
76698522
76807520
77359568
77359620
77359723
77359785
77359855
77359927
77443461
77443491
77443704
78002464
78002486
78005022
78033496
78621687
78635484
79402992
79446473
80273693
80274859
80293435
80293983
80661504
81154592
81688937
81688955
81688984
81708766
82331895
82331933
82332012
82332313
82332418
82332662
82358339
82665932
83021217
83704154
83704165
84012460
84418938
85754656
85879447
85879456
86494893
86494914
88143060
88781614
88885069
88885497
89491407
89609498
89609550
89611341
89622944
89624140
90249069
90716909
91294485
91676854
91679217
92142710
93068184
93078804
93119240
93131552
93136746
93136802
93536867
93709266
93716784
94248837
94265084
94266158
94794774
95245137
95245701
95354259
95954984
96079286
96079349
96079550
96080771
96095042
96103379
96680926
97078419
97078575
97101393
97161222
97712291
97756645
97852103
97852159
97852226
97886188
97926101
97926163
97932897
98219158
98253569
98253592
98253626
98253651
98341183
98346415
98346834
98348459
98349022
98411325
98421766
98970218
99033296
99119240
99130630
99254164
99254203
99254241
99254358
99254437
99610601
99641902
99855478
100425864
100425940
100472063
100511988
100928653
100929295
100929398
100929604
100929743
100929831
100931472
100932509
100932574
100932762
100932833
100933289
100933335
100933389
101008467
101078326
101079008
101081225
101191388
102605392
102613165
102614621
102617707
102618797
102619219
102619387
102623976
102627528
102627682
102627792
102631634
102631707
102705454
104642550
105341547
105342573
105342986
105344365
105344861
105351545
106064277
106622910
106689944
106701619
106708987
106709262
106712830
107458531
108147416
108147460
108149175
108158379
108829742
110207471
110295245
110295354
110336757
110891817
110892321
111776247
111902100
111903124
111903483
111904118
112609138
113299590
113325566
113325603
113328574
113329394
113329638
113329705
113332841
113333065
114020557
114384958
114385254
114385354
114385449
114385498
114549522
114687236
114693174
115300683
115300940
115301218
115363212
115992039
116040807
116040828
116043052
116055112
116076177
116693694
116693735
116770724
116776982
116777149
116777778
116777969
116778440
116786719
116786741
117410734
117411380
118277164
118279832
118280164
118281463
119085466
119095672
119101643
119812659
119812715
119812738
119812765
119916756
119916824
119916949
119917015
119917040
119917063
120307951
120749494
120749528
120756198
120756377
120759721
121259978
121260018
121260153
121260372
121260788
121389847
121925071
121925647
121926643
122276806
122277161
122278276
124126528
124127383
124472052
124726369
124727442
124730147
124730194
124745913
124745962
124753681
125013769
125013830
125378389
125378514
125861106
125861676
127506257
127506324
128158439
128158617
128158708
128158768
128159108
128159389
128160626
128206477
128206864
128207293
128208025
128992838
129471170
129533515
130106467
130106618
130113146
130213380
131310899
131311248
131311508
131592484
132123882
132720324
133360542
133553667
133553782
133560053
134086163
134087261
134087578
134087662
134522901
134822876
134822899
135470710
135470756
135470884
135470904
135470963
135470997
135472231
136171998
136172584
136172656
136217608
136758455
136758649
136777171
136789842
136802867
136803077
136803120
136803300
136803374
137714292
138761013
138859529
138932273
138932314
139152118
139577901
139578136
139578207
139578571
139617823
139618147
139618317
140469106
140469731
140479922
140481297
140483668
140484519
140493381
141740195
142285694
143627212
143635868
144302847
144506778
144506837
144507154
145833203
145834328
146071355
146082923
146082964
146083020
146134358
147143881
147180077
147937443
147971127
147971190
147974365
147983227
147986375
148791414
148791559
148816843
148816890
149591908
149594126
149594188
149594212
149598968
149599125
149599156
149612243
150182742
150337838
151327351
151784526
151786902
151787372
151787490
151789690
152173424
152187346
152980562
152980639
153027826
153028036
153028352
153059612
153474594
153558902
153689274
153955396
153955806
154414805
154414843
154415221
154727201
154818967
155504056
155504507
155504606
155508530
155661985
155670995
155671106
156095442
156467990
158066152
158066212
158068171
158068251
158068446
158068502
158069071
158069180
159229378
159229806
160189476
160199141
160207626
161211371
161211433
161212509
161265873
162066057
162066176
162067148
162067330
162069243
162200633
162200666
162200696
162372650
162374695
162592142
162857268
163355211
163491813
163491866
163492277
163496075
163500897
163501040
163995329
164174205
164204164
164204277
166896278
168167114
169284783
169286712
169444030
169444294
169444515
169448080
169454280
169602010
170893265
170903868
172307617
172307790
172309861
172327379
173755801
173780221
173783297
174794851
174794956
175134718
176087505
177433041
178393560
179547632
180660043
181354245
181356054
181644522
182509980
182774739
182774911
182774977
183468963
183665698
183797762
183834442
183834914
184742903
184745025
185894927
186956843
186957762
187483689
187845483
187846091
187846264
188003527
188003914
188004281
188004500
188668491
188703010
188888052
189963585
190247659
190247723
190786095
191102109
191261930
192465416
192557792
192562352
193659065
193696233
193696364
193696583
193811031
201970142
202073256
202074359
204162122
204490997
206136361
207158727
207206653
207207025
207207466
207207782
209983860
209983989
209994074
209994352
209995252
212500257
212971414
215392741
215718515
215718576
215719463
215724072
215751161
215762773
218674480
220248530
221181437
225921650
226189871
226189986
228449574
230766388
232492903
233520257
233520425
233609198
233609363
233616117
236398601
236399087
236440696
238983270
241017426
241017568
241511828
241512134
241542617
241543635
241543974
241671883
243009946
243773554
243791145
243853512
243853798
243854130
243854211
244097060
244160118
244160357
244160970
250394028
250394595
250394663
250394771
250395631
250395756
250395898
250405532
250654457
253153907
255800577
258183582
258184056
259423244
259423513
259424300
259424866
259425017
259426115
260303894
260304187
261827192
262399119
264984497
268197771
268586231
271015154
271015669
273964898
273965627
277859296
277861858
280662903
280896465
280988393
283749923
286511038
286511631
286513125
286524947
286527185
287424705
287426148
292969139
292969458
292969932
292970740
293315415
293316227
293316320
293316452
293318142
293318274
295451740
295456141
298071907
298084718
300410799
302281542
302282031
302502491
304718708
306968119
306969564
313544522
315549086
315549204
315550913
315617026
317590827
317593302
319655275
319656563
321345425
321346550
321346616
321346744
321353278
321570401
321570512
321570597
323191430
323191596
323191683
323191787
323191979
323192138
323192193
323417020
323417812
323419455
323419816
323476069
323476145
323476300
327318405
327319628
330295337
330296924
331486631
332747438
332755212
332772333
334656210
334656353
334656546
334663683
335085355
335086410
335133696
335134238
340623941
341110180
343585127
343585234
346675113
346675875
346686597
356210746
357832740
361950297
361950795
362029470
362029620
362029970
362051405
362051773
362051899
362051999
362081769
362081939
362082707
375820845
376805769
376805952
376806474
376809691
376812736
376812961
380201576
380566976
380754227
382881237
383507353
383605854
383606760
383607653
386663459
387254823
387256603
390972175
395201183
395201780
398672264
398673908
398674241
398676450
399021751
402303026
402303179
402304145
402304782
406000421
406000562
406001532
413196934
413199286
416828455
416832414
416832622
416833339
416846000
417456880
417458345
419752586
425119181
430063272
430063819
435115571
435116927
439941904
439942851
439945661
439945864
439946101
439946249
439984665
439985494
440738448
440739240
440739518
440739783
445115703
445117183
456226536
462220417
467134564
477860473
483306493
483308034
483899424
489170175
489171096
489176525
489196035
493476042
493477472
493482011
493486164
493489234
493492747
493496072
494291269
494299198
503947022
503955938
522586178
527365852
532254782
536826524
549058243
553707410
553718984
553720598
553858732
553878047
553879651
553939167
554650579
554658475
554663025
554663566
556821517
557057917
557058485
557059780
557060334
562478132
563294861
564449640
568891763
568920079
568920951
569676258
583159170
583635712
583651344
583721561
583722710
583722932
628769409
628771505
628778816
628803591
638087256
638089422
658757624
689381514
689391156
707981077
727321432
833771102
833771311
835063865
835094544
835095003
835095306
835095880
867827055
878889105
878895806
878908562
880499904
891980433
904518348
904541305
928908332
1016143686
1016144971
1016184756
1016184964
1016185535
1016185809
1076571965
1090029941
1117739716
1117744489
1117746294
1149615185
1180419124
1180419690
1180425924
1180433861
1191109087
1191112079
1191119857
1191125008
1191129536
1191135761
1191136166
1191152570
1191162013
1191162539
1213428661
1213472762
1230403652
1230406650
1230409188
1241223847
1241224444
1301378557
1301384400
1340199684
1380767576
1402433072
1402442557
1402447683
1402448461
1425150624
1428409936
1428417334
1428418448
1428424821
1469827401
1492181189
1513251995
1536054971
1560601706
1560602573
1587175338
1587175771
1609387306
1609401184
1678314358
1678356850
1743912362
1743932756
1744048439
1744051187
1744060292
1744068357
1744071203
1744078238
1744094169
1744198126
1744233582
1744246930
1744356057
1772352570
1772529256
1772530315
1772531407
1778004652
1789547756
1929751013
1974896683
1974901902
1974902858
1974903936
1974905841
1974973389
2015363653
2041982658
2041985255
2180163807
2222720521
2222774106
2222775067
2222775930
2225761296
2316681099
2316714645
2397732794
2409285794
2470988022
2544538622
2544549379
2565909803
2566015124
2566024668
2566105661
2568801198
2568804274
2569001052
2569005011
2588169261
2620416387
2620506085
2620506513
2705893733
2830411358
2830413360
2830416348
2830432345
2830437685
2830451846
2830454962
2830463943
2830493868
2830496106
2830497827
2830499980
2830502330
2830505884
2878664734
3339364587
4255053867
4390848511
4390875496
4390891467
4390890198
4390896732
4390900302
4390888537
6803395856
6803402872
6807137300
6803407328
6803423284
6803412842
6803405665
6803398976
6807134749
6803404717
6807139994
6807133411
6803397504
6803401743
6803403781
6807138720
6803400584
6807135859
6803410579
6815676017
6807141494
7212273948
7212280564
7212291640
7592004548
7592026396
7592037079
7893468574
8198278666
8198290657
8194165059
8198301926
8274214179
8763364938
8769478056
8785294898
8785277745
8853093338
8853097484
8853117992
8853127057
8853102495
8853111709
8769448867
8769466816
9063024415
9527968627
9731852643
9731869178
9838284017
9838318899
9838329727
9838436229